       N       E                     dE             d eps       ncg     rms          rms(c)
DAV:   1     0.155357457714E+05    0.15536E+05   -0.56106E+05 20488   0.190E+03
DAV:   2     0.226125075380E+04   -0.13274E+05   -0.12704E+05 20480   0.452E+02
DAV:   3    -0.387695248602E+03   -0.26489E+04   -0.23972E+04 20488   0.233E+02
