       N       E                     dE             d eps       ncg     rms          rms(c)
DAV:   1     0.155070707013E+05    0.15507E+05   -0.56064E+05 16384   0.190E+03
DAV:   2     0.225244923226E+04   -0.13255E+05   -0.12682E+05 16384   0.451E+02
DAV:   3    -0.389085991852E+03   -0.26415E+04   -0.23898E+04 16384   0.232E+02
DAV:   4    -0.608887195575E+03   -0.21980E+03   -0.20879E+03 17816   0.945E+01
