       N       E                     dE             d eps       ncg     rms          rms(c)
DAV:   1     0.155201281459E+05    0.15520E+05   -0.56096E+05 16384   0.190E+03
DAV:   2     0.225647983250E+04   -0.13264E+05   -0.12691E+05 16384   0.452E+02
DAV:   3    -0.387835511531E+03   -0.26443E+04   -0.23920E+04 16408   0.233E+02
DAV:   4    -0.608414049237E+03   -0.22058E+03   -0.20947E+03 17792   0.945E+01
