       N       E                     dE             d eps       ncg     rms          rms(c)
DAV:   1     0.155421322319E+05    0.15542E+05   -0.56113E+05 16392   0.190E+03
DAV:   2     0.226366340751E+04   -0.13278E+05   -0.12708E+05 16384   0.452E+02
DAV:   3    -0.387186881067E+03   -0.26509E+04   -0.23984E+04 16416   0.233E+02
DAV:   4    -0.608487459629E+03   -0.22130E+03   -0.21013E+03 17824   0.947E+01
