       N       E                     dE             d eps       ncg     rms          rms(c)
DAV:   1     0.155418799690E+05    0.15542E+05   -0.56111E+05 16392   0.190E+03
DAV:   2     0.226348827703E+04   -0.13278E+05   -0.12708E+05 16384   0.452E+02
DAV:   3    -0.387424095256E+03   -0.26509E+04   -0.23986E+04 16416   0.233E+02
DAV:   4    -0.608691048251E+03   -0.22127E+03   -0.21012E+03 17856   0.947E+01
