       N       E                     dE             d eps       ncg     rms          rms(c)
DAV:   1     0.155326825382E+05    0.15533E+05   -0.56102E+05 20488   0.190E+03
DAV:   2     0.226016901047E+04   -0.13273E+05   -0.12702E+05 20480   0.452E+02
DAV:   3    -0.387562792218E+03   -0.26477E+04   -0.23959E+04 20520   0.233E+02
