       N       E                     dE             d eps       ncg     rms          rms(c)
DAV:   1     0.156370742093E+05    0.15637E+05   -0.56228E+05 16464   0.190E+03
DAV:   2     0.231615156532E+04   -0.13321E+05   -0.12743E+05 16448   0.453E+02
DAV:   3    -0.367974527064E+03   -0.26841E+04   -0.24301E+04 16472   0.233E+02
DAV:   4    -0.612496990997E+03   -0.24452E+03   -0.22709E+03 19288   0.954E+01
