       N       E                     dE             d eps       ncg     rms          rms(c)
DAV:   1     0.155392189055E+05    0.15539E+05   -0.56109E+05 16392   0.190E+03
DAV:   2     0.226260662890E+04   -0.13277E+05   -0.12706E+05 16384   0.452E+02
DAV:   3    -0.387094323262E+03   -0.26497E+04   -0.23973E+04 16400   0.233E+02
DAV:   4    -0.608188624588E+03   -0.22109E+03   -0.20995E+03 17872   0.947E+01
